8
12
14
Help!
Help!
9
5
4
4
6
4
6
4
89
190
95
Help!
182
81
258
76
290
188
198
188
86
256
178
150
156
88
148
90
99
89
83
288
204
232
49
99
Help!
142
Help!
220
62
146
132
214
284
208
374
Help!
138
64
294
244
Help!
Help!
328
Help!
214
308
548
556
840
504
654
686
424
804
650
420
410
484
504
464
452
474
386
440
400
634
552
590
602
668
438
174
93
Help!
45
104
384
250
16
118
86
252
442
154
218
234
288
200
232
61
Help!
238
Help!
66
176
Help!
310
446
Help!
158
37
71
398
54
210
48
106
84
180
416
304
244
288
86
246
110
96
298
Help!
250
304
312
256
454
426
112
194
160
162
522
78
Help!
522
246
312
210
100
232
106
312
47
390
168
500
99
93
Help!
546
Help!
192
180
Help!
226
328
150
316
470
630
254
318
352
306
472
300
528
324
274
Help!
524
562
258
Help!
436
330
Help!
248
240
520
396
198
878
504
308
Help!
178
428
486
69
128
176
274
216
328
212
256
162
100
238
678
374
Help!
Help!
96
494
62
408
142
228
344
562
286
364
228
198
554
65
352
544
338
120
51
286
Help!
194
668
276
506
152
408
280
10
538
Help!
434
418
Help!
158
442
482
Help!
458
910
Help!
464
342
892
358
Help!
Help!
418
600
372
666
578
Help!
384
2
320
Help!
490
Help!
776
300
Help!
194
92
Help!
268
Help!
61
1144
388
Help!
Help!
454
Help!
65
Help!
292
522
240
422
106
336
168
374
Help!
Help!
616
716
408
326
524
190
396
Help!
332
250
560
694
1024
466
658
89
848
774
148
346
502
316
572
388
342
400
680
636
790
790
548
610
724
1572
1492
1500
1390
1506
1612
1442
1718
1288
1894
1762
1332
1250
1244
1268
1406
1458
1504
1268
1692
1394
1404
1520
1540
1276
Help!
404
664
Help!
202
284
Help!
Help!
Help!
Help!
Help!
Help!
Help!
132
394
98
Help!
Help!
152
256
144
Help!
Help!
304
Help!
17868
17622
17906
714
1170
970
920
1056
706
1014
1194
936
1034
756
1092
976
928
802
1138
770
784
958
852
794
896
1058
1118
976
1462
1592
1260
1616
1560
1282
1370
1780
1484
1522
1688
1518
1004
1074
1196
1434
1822
1424
1532
1174
1430
1428
1578
1514
1384
10
17
