9
12
14
Help!
Help!
9
5
4
4
6
4
6
4
89
190
95
Help!
396
150
258
76
390
210
282
188
86
256
178
150
156
226
250
170
99
132
83
288
204
232
49
426
Help!
142
Help!
220
62
146
132
214
288
480
Help!
Help!
138
64
294
244
Help!
Help!
328
Help!
214
308
548
556
Help!
504
654
Help!
460
842
850
434
472
484
524
Help!
Help!
552
386
Help!
498
674
558
888
Help!
668
438
174
93
Help!
45
104
384
250
16
142
86
346
442
154
218
234
288
200
232
61
Help!
256
Help!
66
176
Help!
310
446
Help!
158
37
Help!
438
54
210
48
106
84
180
434
Help!
254
288
86
460
110
96
298
Help!
250
304
312
256
454
460
112
194
160
162
522
78
Help!
992
246
312
210
100
232
106
312
47
Help!
168
500
99
93
Help!
546
Help!
192
180
Help!
226
392
Help!
316
470
630
254
318
352
394
472
300
528
Help!
274
Help!
524
Help!
258
Help!
640
716
Help!
248
240
520
396
198
954
562
308
Help!
178
428
486
69
128
176
274
216
328
212
256
162
100
238
Help!
374
Help!
Help!
96
824
62
408
142
228
344
562
Help!
Help!
228
198
Help!
65
352
544
338
120
51
286
Help!
194
740
276
506
152
Help!
280
10
538
Help!
434
418
Help!
158
462
482
Help!
458
910
Help!
464
568
892
420
Help!
Help!
418
600
372
Help!
Help!
Help!
412
2
Help!
Help!
490
Help!
776
Help!
Help!
194
92
Help!
268
Help!
61
1144
388
Help!
Help!
458
Help!
65
Help!
292
522
240
422
106
336
168
374
Help!
Help!
616
1132
Help!
326
524
190
396
Help!
332
250
560
Help!
Help!
466
Help!
89
848
Help!
148
346
502
Help!
572
388
342
400
Help!
Help!
Help!
790
548
610
724
Help!
Help!
Help!
1706
Help!
Help!
1442
Help!
Help!
Help!
Help!
1352
1250
Help!
Help!
Help!
Help!
Help!
1268
Help!
1394
Help!
Help!
Help!
Help!
Help!
Help!
664
Help!
254
284
Help!
Help!
Help!
Help!
Help!
Help!
Help!
132
Help!
98
Help!
Help!
152
256
144
Help!
Help!
304
Help!
Help!
Help!
Help!
770
Help!
1592
950
1078
Help!
1070
1232
1054
Help!
756
Help!
976
Help!
802
1138
860
784
958
852
988
896
Help!
1246
1038
1462
1592
Help!
1698
Help!
1282
Help!
Help!
Help!
Help!
1688
1542
Help!
1074
1196
1440
1822
1484
1532
1174
Help!
1428
1844
Help!
Help!
10
17
